2.34997, 0.137165, -3.06063
3.55499, 2.2133, -2.85231.
30.35, 0.137165, -2.56063
31.555, 2.2133, -2.35231.
-40.65, 0.137165, 41.9394
-39.445, 2.2133, 42.1477.
-49.65, 0.137165, 99.9394
-48.445, 2.2133, 100.148.
-89.65, 0.137165, -46.0606
-88.445, 2.2133, -45.8523.
-42.47, 0.137165, -112.861
-41.265, 2.2133, -112.652.
52, 0.137165, -2.66063
53.205, 2.2133, -2.45231.
-54.65, 8.26717, -54.0606
-53.445, 10.3433, -53.8523.
-73.77, 7.27716, -21.0606
-72.565, 9.3533, -20.8523.
-49.31, 0.137165, 17.4394
-48.105, 2.2133, 17.6477.