-117.576, -0.0907223, 30.1257
-117.135, 17.7095, 36.9596.
-117.987, -0.0927385, 29.2827
-117.133, 18.5567, 37.8005.
-51.1349, -10.5487, 9.01559
-51.1203, -10.5119, 9.05293.
-51.1268, -10.3287, 8.79034
-51.0322, -10.2881, 9.05345.
-117.246, 7.7903, 36.2502
-117.069, 8.32517, 36.7927.
43.647, 2.37198, -20.7925
44.8446, 7.54915, -19.7425.
42.5139, 2.47251, -21.2108
45.4898, 10.3824, -18.6099.
40.206, 3.33584, -23.1937
47.3739, 13.983, -15.8088.
42.7417, 0.122269, -21.1973
44.9922, 2.66294, -18.925.
42.8807, 2.42445, -20.9733
44.8888, 2.50947, -19.0677.
42.4355, 2.37201, 15.2124
43.9831, 7.54918, 15.7251.
41.3063, 2.47254, 13.8581
44.3179, 10.3824, 17.1216.
38.4965, 3.33587, 10.8472
46.6221, 13.983, 20.8213.
41.6519, 0.122297, 14.3402
43.9182, 2.66297, 16.6168.
41.8079, 2.42448, 14.5254
43.7657, 2.5095, 16.4988.
-117.397, -0.0907394, -4.86568
-116.956, 17.7094, 1.96828.
-117.807, -0.0927556, -5.70863
-116.953, 18.5567, 2.8092.
-117.213, -0.0907573, -41.6065
-116.773, 17.7094, -34.7725.
-117.624, -0.0927736, -42.4494
-116.77, 18.5567, -33.9316.
-51.0498, -10.5487, -7.81611
-51.0352, -10.5119, -7.77877.
-116.884, 7.79027, -35.4819
-116.706, 8.32514, -34.9394.
-116.884, 8.73519, -35.4819
-116.706, 9.27006, -34.9394.
0.627749, -0.0907651, -55.1799
7.46248, 17.7094, -54.7082.
-0.217886, -0.0927818, -55.594
8.30345, 18.5567, -54.7019.
-23.4143, -10.5487, -12.3504
-23.3769, -10.5119, -12.3356.
0.79617, 9.73097, -54.8015
1.33937, 10.2658, -54.6216.
0.628488, -0.0907117, 49.3046
7.46175, 17.7095, 49.722.
-0.212386, -0.0927275, 49.3051
8.30265, 18.5567, 50.1293.
-22.038, -10.5487, 12.0172
-22.0007, -10.5119, 12.0317.
5.13422, 8.72487, 48.7697
6.13055, 8.87869, 49.1239.
5.81485, 10.505, 49.1244
6.29591, 10.9799, 49.2803.
-118.538, -0.435264, -79.8694
-116.734, 22.133, 77.0374.
-11.2102, -0.435265, -71.4614
-10.053, 22.133, -36.4906.
-11.2102, -0.435214, 32.8237
-10.053, 22.133, 67.7945.
-10.3694, -0.436345, -71.6188
20.8638, 22.134, -70.5123.
-10.3694, -0.436277, 66.4716
20.8638, 22.1341, 67.578.
-10.3694, -0.436337, -55.7884
20.8638, 22.134, -54.682.
-10.3694, -0.436286, 49.2461
20.8638, 22.1341, 50.3525.
19.8519, -0.435261, -71.636
21.5567, 22.133, 66.5188.
-67.2937, -0.125933, -35.9402
-65.9571, 14.5273, 32.8304.
-88.7018, -0.125931, 10.5854
-44.5491, 14.5273, 11.9082.
-88.7018, -0.125944, -14.3964
-44.5491, 14.5273, -13.0735.
-89.0192, -0.12593, -30.0372
-87.6826, 14.5273, 26.9861.
-45.6626, -0.12593, -30.0372
-44.326, 14.5273, 26.9861.
-81.141, -0.125947, -36.3713
-52.1099, 14.5273, -35.1687.
-81.141, -0.125913, 31.7354
-52.1099, 14.5273, 32.9379.
-61.5611, -0.126978, 93.3437
-50.1628, 7.13884, 136.513.
6.49174, -0.126978, 92.9019
17.89, 7.13884, 136.071.
-16.3945, -0.126978, 93.0505
-4.99625, 7.13884, 136.22.
-39.1807, -0.126979, 93.1984
-27.7824, 7.13884, 136.368.
-61.5479, -0.127094, -137.452
-50.1746, 7.13873, -94.2587.
6.50357, -0.127094, -138.065
17.8769, 7.13873, -94.8716.
-16.3822, -0.127094, -137.859
-5.00895, 7.13873, -94.6655.
-39.168, -0.127094, -137.654
-27.7947, 7.13873, -94.4603.
-66.7185, 0.0560077, 126.513
-60.3405, 4.59702, 132.407.
-66.7611, 4.04274, 126.8
-60.5226, 8.81726, 132.135.
-66.7185, 0.0560032, 117.297
-60.3405, 4.59702, 123.191.
-66.7611, 4.04273, 117.584
-60.5226, 8.81725, 122.919.
-66.7185, 0.0559957, 101.818
-60.3405, 4.59701, 107.712.
-66.7611, 4.04273, 102.105
-60.5226, 8.81725, 107.44.
-42.383, 0.0560077, 126.513
-36.005, 4.59702, 132.407.
-42.4256, 4.04274, 126.8
-36.1871, 8.81726, 132.135.
-43.3108, 0.0560032, 117.297
-36.9328, 4.59702, 123.191.
-43.3534, 4.04273, 117.584
-37.1149, 8.81725, 122.919.
-43.8275, 0.0559969, 104.376
-37.4495, 4.59701, 110.27.
-43.8701, 4.04273, 104.663
-37.6317, 8.81725, 109.999.
-42.6517, 0.0559924, 95.24
-36.2737, 4.597, 101.134.
-42.6943, 4.04272, 95.527
-36.4559, 8.81724, 100.862.
-20.675, 0.0560077, 126.513
-14.297, 4.59702, 132.407.
-20.7176, 4.04274, 126.8
-14.4791, 8.81726, 132.135.
-22.0335, -0.850229, 104.657
-16.2381, -0.445378, 109.891.
-20.8283, 4.04274, 117.584
-14.5899, 8.81726, 122.919.
-20.7858, 0.0560103, 117.297
-14.4077, 4.59702, 123.191.
-21.6394, -0.850234, 93.185
-15.844, -0.445384, 98.4191.
-20.3418, 0.0559969, 104.376
-13.9638, 4.59701, 110.27.
-20.3844, 4.04273, 104.663
-14.146, 8.81725, 109.999.
-21.795, 0.0559924, 95.24
-15.417, 4.597, 101.134.
-21.8376, 4.04272, 95.527
-15.5991, 8.81724, 100.862.
2.48894, 0.0560077, 126.513
8.86695, 4.59702, 132.407.
2.44637, 4.04274, 126.8
8.68482, 8.81726, 132.135.
2.0021, 0.0559924, 95.24
8.38011, 4.597, 101.134.
1.95952, 4.04272, 95.527
8.19797, 8.81724, 100.862.
15.2336, 0.0560226, 95.2663
21.5618, 4.597, 101.106.
15.3903, 4.04258, 95.53
21.6289, 8.81735, 100.836.
15.2336, 0.0560272, 104.8
21.5618, 4.59701, 110.64.
15.3903, 4.04258, 105.064
21.6289, 8.81736, 110.37.
15.2336, 0.0560375, 125.962
21.5618, 4.59702, 131.802.
15.3903, 4.04259, 126.226
21.6289, 8.81737, 131.532.
9.94733, -0.85055, 103.79
15.6985, -0.44507, 108.975.
15.2336, 0.0560328, 116.321
21.5618, 4.59701, 122.16.
15.3903, 4.04259, 116.584
21.6289, 8.81736, 121.891.
-7.32794, 4.04258, 116.584
-1.08938, 8.81736, 121.891.
-7.48472, 0.0560271, 116.321
-1.15645, 4.59701, 122.16.
-5.39806, 0.0560272, 104.8
0.930216, 4.59701, 110.64.
-5.24127, 4.04258, 105.064
0.997288, 8.81736, 110.37.
-7.79594, -0.0725483, 95.2663
-1.31838, 0.383373, 101.106.
-29.9259, 0.0560226, 95.2663
-23.5977, 4.597, 101.106.
-29.7692, 4.04258, 95.53
-23.5306, 8.81735, 100.836.
-30.0009, 0.0560272, 104.8
-23.6726, 4.59701, 110.64.
-29.8441, 4.04258, 105.064
-23.6056, 8.81736, 110.37.
-30.3368, 0.0560375, 125.962
-24.0085, 4.59702, 131.802.
-30.18, 4.04259, 126.226
-23.9415, 8.81737, 131.532.
-52.0363, 0.0560375, 125.962
-45.708, 4.59702, 131.802.
-51.8795, 4.04259, 126.226
-45.6409, 8.81737, 131.532.
-52.3744, 0.0560328, 116.321
-46.0461, 4.59701, 122.16.
-52.2176, 4.04259, 116.584
-45.979, 8.81737, 121.891.
-52.2062, 0.0560272, 104.8
-45.8779, 4.59701, 110.64.
-52.0494, 4.04258, 105.064
-45.8108, 8.81736, 110.37.
-66.7185, -0.17198, -103.129
-60.3405, 4.36903, -97.2353.
-66.7611, 3.81475, -102.842
-60.5226, 8.58927, -97.5065.
-66.7185, -0.142413, -125.266
-60.3405, 4.3986, -119.372.
-66.7611, 3.84432, -124.979
-60.5226, 8.61884, -119.643.
-66.7611, 3.88956, -134.115
-60.5227, 8.66408, -128.78.
-66.7185, -0.0971745, -134.402
-60.3405, 4.44384, -128.508.
-42.383, 0.0558955, -103.129
-36.005, 4.59691, -97.2353.
-42.4256, 4.04263, -102.842
-36.1871, 8.81715, -97.5065.
-46.7896, 0.0558841, -126.493
-40.4116, 4.5969, -120.599.
-46.8322, 4.04261, -126.206
-40.5937, 8.81713, -120.87.
-42.6944, 4.04262, -134.115
-36.4559, 8.81714, -128.78.
-42.6518, 0.0558876, -134.402
-36.2738, 4.5969, -128.508.
-20.675, 0.0558955, -103.129
-14.297, 4.59691, -97.2353.
-20.7176, 4.04263, -102.842
-14.4791, 8.81715, -97.5065.
-20.7857, 0.055891, -112.345
-14.4077, 4.5969, -106.451.
-20.8283, 4.04262, -112.058
-14.5898, 8.81714, -106.723.
-21.795, 0.0558802, -134.402
-15.417, 4.59689, -128.508.
-21.8376, 4.04261, -134.115
-15.5991, 8.81713, -128.78.
1.38669, 4.04263, -110.854
7.62514, 8.81715, -105.518.
1.42926, 0.0558989, -111.141
7.80727, 4.59691, -105.247.
1.95946, 3.86466, -134.115
8.19792, 8.63919, -128.78.
2.00205, -0.122066, -134.402
8.38006, 4.41895, -128.508.
15.3903, 3.86348, -134.112
21.6289, 8.63826, -128.806.
15.2335, -0.123077, -134.376
21.5618, 4.4179, -128.536.
15.3903, 3.86544, -103.416
21.6289, 8.64021, -98.1097.
15.2335, -0.121118, -103.68
21.5618, 4.41986, -97.8401.
-5.92395, 4.04248, -103.416
0.314608, 8.81725, -98.1097.
-6.08074, 0.0559196, -103.68
0.247529, 4.5969, -97.8401.
-5.5865, 4.04247, -124.578
0.652056, 8.81724, -119.272.
-5.74329, 0.0559092, -124.842
0.584986, 4.59689, -119.002.
-29.7692, 4.04246, -134.112
-23.5306, 8.81724, -128.806.
-29.926, 0.0559046, -134.376
-23.5977, 4.59689, -128.536.
-30.9538, 0.0559206, -113.321
-24.6255, 4.5969, -107.482.
-30.797, 4.04248, -113.058
-24.5585, 8.81725, -107.751.
-52.2176, 4.04247, -113.058
-45.9791, 8.81725, -107.751.
-52.3744, 0.0559149, -113.321
-46.0461, 4.5969, -107.482.
-51.7281, 3.8434, -134.112
-45.4895, 8.61817, -128.806.
-51.8849, -0.143161, -134.376
-45.5566, 4.39782, -128.536.
-77.1709, 1.09042, -20.6355
-71.3755, 1.49527, -15.4014.
-82.9293, 4.04267, -23.532
-76.6909, 8.81719, -18.1965.
-82.8867, 0.0559416, -23.819
-76.5087, 4.59695, -17.9253.
-62.4529, 4.04257, -32.6869
-57.1461, 8.81725, -26.4482.
-62.7156, 0.0560053, -32.6217
-56.8714, 4.59694, -26.2893.
-62.4575, 3.8268, -0.980961
-57.1043, 8.60148, 5.25698.
-62.7546, -0.159767, -1.17735
-56.83, 4.38117, 5.22914.
-76.2908, 4.04258, -0.980961
-70.9376, 8.81727, 5.25698.
-76.5879, 0.0560213, -1.17735
-70.6633, 4.59696, 5.22914.
-76.5879, -0.171948, 23.2722
-70.6633, 4.36899, 29.6787.
-76.2908, 3.81461, 23.4686
-70.9376, 8.5893, 29.7065.
-63.2781, -0.231702, 23.2722
-57.3535, 4.30923, 29.6787.
-62.981, 3.75486, 23.4686
-57.6278, 8.52954, 29.7065.
-66.1359, -0.112857, -27.2702
-53.8516, 7.15295, -14.2068.
-79.3166, -0.112857, -27.2702
-67.0323, 7.15295, -14.2068.
-79.3166, -0.11285, -13.0237
-67.0323, 7.15295, 0.0396783.
-66.0052, -0.11285, -13.0237
-53.721, 7.15295, 0.0396783.
-66.0052, -0.112837, 11.8954
-53.721, 7.15297, 24.9588.
-79.5736, -0.112837, 11.8954
-67.2893, 7.15297, 24.9588.
-61.4479, -0.0894187, 45.5472
-47.6912, 8.13718, 59.304.
-85.4165, -0.0894187, 45.5472
-71.6598, 8.13718, 59.304.
-61.4479, -0.0894702, -59.8336
-47.6912, 8.13713, -46.0768.
-85.4165, -0.0894703, -60.0868
-71.6598, 8.13713, -46.33.
-37.3281, -0.0894593, -37.5487
-23.5713, 8.13714, -23.7919.
-37.2417, -0.0894438, -6.03862
-23.4878, 8.13716, 7.71527.
-37.3281, -0.0894288, 24.899
-23.5713, 8.13717, 38.6558.
-57.9414, -0.0561018, -64.7664
-52.0081, 9.26923, -58.3121.
-79.1426, -0.0561014, -63.6432
-72.7714, 9.26923, -57.0135.
-90.3124, -0.0560989, -59.0282
-83.5025, 9.26924, -52.2756.
-84.0528, -0.0560947, -48.6451
-77.4276, 9.26924, -41.9139.
-57.378, -0.0560948, -48.0311
-51.5156, 9.26924, -41.6813.
-50.4622, -0.0560991, -54.889
-44.0851, 9.26924, -49.0183.
-40.721, -0.0560882, -37.1754
-33.9111, 9.26925, -30.4228.
-35.7887, -0.0560844, -27.5701
-28.9221, 9.26925, -20.6754.
-28.0994, -0.0560885, -36.41
-21.4173, 9.26925, -29.9353.
-32.9827, -0.0560752, -10.2421
-27.113, 9.26926, -3.8717.
-32.686, -0.0560687, 5.47207
-26.8181, 9.26927, 11.8292.
-26.0052, -0.056071, -2.50797
-19.6192, 9.26926, 3.36364.
-36.4162, -0.0560599, 20.805
-29.9041, 9.26927, 27.5034.
-40.313, -0.0560591, 31.4603
-33.6213, 9.26928, 37.9568.
-30.1302, -0.056053, 34.811
-23.4275, 9.26928, 41.5875.
-61.7566, -0.056043, 55.2357
-54.7482, 9.26929, 62.2436.
-51.3174, -0.0560456, 52.4297
-44.4178, 9.26929, 59.3034.
-54.5649, -0.0560494, 42.3087
-47.5427, 9.26929, 49.3293.
-87.7041, -0.0560476, 45.3717
-80.7521, 9.26929, 52.32.
-82.7652, -0.0560439, 56.3345
-76.4835, 9.26929, 62.9236.
-74.0621, -0.056046, 50.2354
-67.5717, 9.26929, 56.2687.
-145.187, -0.0629028, -136.393
102.385, -0.0626941, 134.317.
39.814, 0.071485, -16.6246
49.1455, 7.86776, 12.6137.
49.283, 0.839772, -15.5359
49.283, 2.05847, -8.0107.
21.7041, 16.229, -14.9292
21.7041, 18.4815, 10.3095.
21.7041, 16.2249, -61.5023
21.7041, 18.7603, -50.3263.
21.463, 16.225, 48.4908
21.463, 18.7603, 57.4837.
2.77538, -0.275057, -70.8204
20.5214, 20.2644, -62.0086.
15.3903, 3.86349, -112.893
21.6289, 8.63827, -107.586.
15.2335, -0.123067, -113.156
21.5618, 4.41791, -107.317.
-33, 9.27332, -10.8767
-27.9055, 14.9204, -5.64347.
-31.6189, 11.4217, -9.25476
-29.2917, 12.5686, -6.09642.
-32.4987, 4.4113, -8.39969
-28.4208, 11.5098, -3.71006.
-32.3705, 8.33848, -2.91038
-28.5395, 11.4163, 0.750878.
-32.3705, 8.44511, -2.91038
-28.5395, 11.4163, 0.641814.
-32.277, 8.57262, -1.61256
-28.6301, 8.62373, -0.223467.
-32.1253, 8.86425, 0.220948
-28.7918, 11.1563, 0.625099.
-31.6739, -0.255372, -5.22888
-29.2237, 2.24395, -1.61984.
-32.4877, 0.539132, -8.40181
-28.2394, 13.8297, -1.32513.
-30.6122, 12.0312, -6.30887
-30.2965, 12.1821, -6.1619.
-67.2419, 8.4798, 102.409
-62.3843, 13.7215, 107.138.
-65.7364, 10.474, 103.696
-62.8048, 11.5385, 105.856.
-64.9427, 3.96682, 102.887
-60.5897, 10.5557, 106.673.
-59.8474, 7.61208, 102.998
-56.449, 10.469, 106.554.
-59.8474, 7.71105, 102.998
-56.5502, 10.469, 106.554.
-58.6428, 7.8294, 103.082
-57.3534, 7.87685, 106.467.
-56.9409, 8.1001, 103.232
-56.5658, 10.2276, 106.326.
-61.9995, -0.36485, 103.633
-58.6495, 1.95505, 105.907.
-64.9447, 0.37262, 102.719
-58.376, 12.7091, 106.662.
-63.002, 11.0397, 104.629
-62.8655, 11.1798, 104.922.
0.757027, 8.4797, -110.837
5.61462, 13.7214, -106.109.
2.26258, 10.4739, -109.551
5.19419, 11.5384, -107.39.
3.05626, 3.96671, -110.359
7.40924, 10.5556, -106.574.
8.15151, 7.61197, -110.249
11.5499, 10.4689, -106.693.
8.15151, 7.71094, -110.249
11.4487, 10.4689, -106.693.
9.35616, 7.8293, -110.165
10.6455, 7.87675, -106.78.
11.0581, 8.1, -110.015
11.4332, 10.2275, -106.92.
5.99944, -0.364954, -109.614
9.34941, 1.95495, -107.339.
3.0543, 0.372515, -110.527
9.62296, 12.709, -106.584.
4.99699, 11.0396, -108.618
5.13341, 11.1797, -108.325.
2.803, 0.0558846, -125.266
9.18101, 4.5969, -119.372.
2.76042, 4.04262, -124.979
8.99887, 8.81713, -119.643.
-46.7682, 8.47969, -125.961
-41.9106, 13.7214, -121.233.
-45.2627, 10.4739, -124.675
-42.331, 11.5384, -122.515.
-44.469, 3.96671, -125.483
-40.116, 10.5556, -121.698.
-39.3737, 7.61197, -125.373
-35.9753, 10.4689, -121.817.
-39.3737, 7.71094, -125.373
-36.0765, 10.4689, -121.817.
-38.1691, 7.82929, -125.289
-36.8797, 7.87674, -121.904.
-36.4672, 8.09999, -125.139
-36.092, 10.2275, -122.045.
-41.5258, -0.364962, -124.738
-38.1758, 1.95494, -122.464.
-44.4709, 0.372508, -125.652
-37.9023, 12.709, -121.708.
-42.5282, 11.0396, -123.742
-42.3918, 11.1797, -123.449.
-4.35632, 6.10912, 105.184
-0.573318, 11.7301, 110.343.
-4.05274, 6.21367, 105.324
-0.96674, 11.3987, 110.181.
-6.80214, 1.63788, 105.215
-1.54829, 14.5996, 110.78.
-6.00185, 2.57989, 106.015
-1.0268, 8.08341, 109.477.
-7.52393, 0.812468, 108.354
-4.9943, 2.31124, 109.74.
-7.51323, 0.769851, 105.795
-4.98091, 2.3362, 107.164.
-9.19481, 7.33153, 105.975
-5.81885, 10.1695, 109.507.
-9.09424, 7.42984, 105.975
-5.81885, 10.1695, 109.507.
-8.29639, 7.54741, 106.061
-7.01553, 7.59455, 109.424.
-9.07883, 7.81632, 106.201
-8.70617, 9.9298, 109.275.
-4.09414, 12.3746, 106.538
-1.21705, 15.4621, 108.875.
-3.68202, 12.5092, 107.275
-3.28586, 13.5442, 108.21.
-3.40213, 12.2228, 107.467
-2.82682, 12.5355, 108.045.
-4.35632, 6.109, -125.349
-0.573318, 11.73, -120.19.
-4.05274, 6.21355, -125.209
-0.96674, 11.3986, -120.352.
-6.80214, 1.63777, -125.318
-1.54829, 14.5994, -119.753.
-6.00185, 2.57977, -124.518
-1.0268, 8.08329, -121.056.
-7.52393, 0.812355, -122.179
-4.9943, 2.31112, -120.792.
-7.51323, 0.769738, -124.738
-4.98091, 2.33609, -123.369.
-9.19481, 7.33141, -124.558
-5.81885, 10.1694, -121.025.
-9.09424, 7.42973, -124.558
-5.81885, 10.1694, -121.025.
-8.29639, 7.5473, -124.472
-7.01553, 7.59444, -121.109.
-9.07883, 7.81621, -124.332
-8.70617, 9.92969, -121.258.
-4.09414, 12.3745, -123.995
-1.21705, 15.462, -121.657.
-3.68202, 12.5091, -123.258
-3.28586, 13.5441, -122.323.
-3.40213, 12.2227, -123.066
-2.82682, 12.5354, -122.488.
-23.8627, 159.088, 9.02685
-23.8481, 159.124, 9.06419.
-23.8545, 159.308, 8.80159
-23.76, 159.348, 9.0647.
-23.7775, 159.088, -7.80486
-23.763, 159.124, -7.76752.
3.84674, 159.088, -12.3503
3.88415, 159.124, -12.3356.
5.24551, 159.088, 12.0172
5.2828, 159.124, 12.0317.
32.4065, 178.372, 48.7697
33.4028, 178.526, 49.1239.
-145.061, -0.0960551, -136.393
102.511, -0.0958141, 134.317.
101.621, -0.468395, -54.3546
103.326, 22.0999, 51.0522.
-145.751, -0.468395, -54.3546
-144.046, 22.0999, 51.0522.
-117.106, -0.474738, -80.3359
-102.027, 20.7981, -79.2931.
-117.407, -0.464062, 74.6722
-102.329, 20.8088, 75.715.
76.1861, -0.469484, -55.0334
102.3, 22.1009, -53.927.
76.1861, -0.46945, 50.011
102.3, 22.1009, 51.1174.
58.4007, -0.469441, 75.4921
76.6335, 22.1009, 76.5985.
58.4007, -0.469492, -79.4745
76.6335, 22.1009, -78.3681.
48.1431, -0.469437, 87.9726
60.8743, 22.1009, 89.079.
48.1431, -0.469496, -91.435
60.8743, 22.1009, -90.3286.
25.187, -0.469432, 104.613
49.3104, 22.1009, 105.72.
25.7071, -0.469502, -109.636
49.8304, 22.1009, -108.529.
-92.858, -0.469432, 104.613
-68.7346, 22.1009, 105.72.
-92.3379, -0.469502, -109.636
-68.2146, 22.1009, -108.529.
-103.703, -0.469496, -91.435
-90.9721, 22.1009, -90.3286.
-103.703, -0.469437, 87.9726
-90.9721, 22.1009, 89.079.
-68.1212, -0.469511, -137.717
26.6945, 22.1009, -136.611.
-68.1212, -0.469422, 134.775
26.6945, 22.101, 135.881.
76.0094, -0.46839, -78.9725
77.1568, 22.0998, -53.789.
76.0094, -0.468348, 50.513
77.1568, 22.0999, 75.6965.
59.8987, -0.468397, -91.6227
60.9073, 22.0998, -78.8427.
59.3787, -0.468343, 75.8244
60.3873, 22.0999, 88.6044.
47.9182, -0.468337, 89.4533
49.0574, 22.0999, 106.031.
47.8896, -0.468401, -109.444
49.1098, 22.0998, -91.3848.
-92.2981, -0.457776, -109.444
-91.0778, 22.1104, -91.3848.
-93.0077, -0.468337, 89.4533
-91.8685, 22.0999, 106.031.
-103.388, -0.468343, 75.8244
-102.38, 22.0999, 88.6044.
-103.69, -0.457772, -91.6227
-102.681, 22.1104, -78.8427.
25.3719, -0.468407, -137.187
26.5907, 22.0998, -109.129.
-68.8804, -0.468407, -137.187
-67.6616, 22.0998, -109.129.
25.2149, -0.468332, 105.045
26.1984, 22.0999, 135.611.
-68.9789, -0.468332, 105.045
-67.9953, 22.0999, 135.611.
-144.989, 21.795, -137.655
102.583, 21.7952, 137.321.
-28.3316, -0.101922, 420.317
29.2959, 24.8981, 475.336.
-115.796, -0.0429254, 333.331
117.918, -0.0427743, 562.899.
-76.2679, -0.382215, 401.776
-48.5931, 9.77328, 414.747.
-72.8634, -0.118419, 418.16
-51.922, 6.43638, 426.348.
-76.2679, -0.382205, 430.214
-48.5931, 9.7733, 443.185.
54.6891, -0.382212, 403.423
82.3639, 9.77328, 416.394.
58.0936, -0.118418, 419.808
79.035, 6.43638, 427.995.
54.6891, -0.382205, 431.861
82.3639, 9.7733, 444.832.
-47.2773, -0.382168, 503.688
-34.3063, 9.77334, 531.363.
-30.8925, -0.118375, 507.017
-22.7047, 6.43643, 527.959.
-18.8388, -0.382168, 503.688
-5.86776, 9.77334, 531.363.
9.19427, -0.382233, 368.145
22.1653, 9.77327, 395.82.
25.5791, -0.118441, 371.474
33.7669, 6.43636, 392.416.
37.6328, -0.382233, 368.145
50.6038, 9.77327, 395.82.
105.364, -0.0651718, 509.878
114.207, 8.16919, 525.294.
105.364, -0.0651812, 488.567
114.207, 8.16918, 503.984.
105.364, -0.0651933, 466.105
114.207, 8.16916, 481.521.
105.364, -0.065203, 443.378
114.207, 8.16916, 458.794.
105.364, -0.0652153, 420.357
114.207, 8.16914, 435.773.
105.364, -0.0652278, 396.695
114.207, 8.16913, 412.112.
105.364, -0.0652377, 373.481
114.207, 8.16912, 388.897.
-114.456, -0.0651718, 509.878
-105.613, 8.16919, 525.294.
-114.456, -0.0651812, 488.567
-105.613, 8.16918, 503.984.
-114.456, -0.0651933, 466.105
-105.613, 8.16916, 481.521.
-114.456, -0.065203, 443.378
-105.613, 8.16916, 458.794.
-114.456, -0.0652153, 420.357
-105.613, 8.16914, 435.773.
-114.456, -0.0652278, 396.695
-105.613, 8.16913, 412.112.
-114.456, -0.0652377, 373.481
-105.613, 8.16912, 388.897.
-71.3547, -0.0652578, 333.868
-55.9382, 8.16909, 342.711.
-50.044, -0.0652578, 333.868
-34.6276, 8.16909, 342.711.
-27.5815, -0.0652578, 333.868
-12.165, 8.16909, 342.711.
-4.85465, -0.0652578, 333.868
10.5618, 8.16909, 342.711.
18.1667, -0.0652578, 333.868
33.5832, 8.16909, 342.711.
41.8279, -0.0652578, 333.868
57.2443, 8.16909, 342.711.
65.0424, -0.0652578, 333.868
80.4588, 8.16909, 342.711.
-71.3547, -0.0953938, 553.765
-55.9382, 8.54494, 562.608.
-50.044, -0.0953938, 553.765
-34.6276, 8.54494, 562.608.
-27.5815, -0.0953938, 553.765
-12.165, 8.54494, 562.608.
-4.85465, -0.0953938, 553.765
10.5618, 8.54494, 562.608.
18.1667, -0.0953938, 553.765
33.5832, 8.54494, 562.608.
41.8279, -0.0953938, 553.765
57.2443, 8.54494, 562.608.
65.0424, -0.0494482, 553.765
80.4588, 7.88433, 562.608.
-46.0613, -0.382233, 368.145
-33.0903, 9.77327, 395.82.
-29.6765, -0.118441, 371.474
-21.4887, 6.43636, 392.416.
-17.6228, -0.382233, 368.145
-4.65175, 9.77327, 395.82.
9.22697, -0.382168, 503.688
22.198, 9.77334, 531.363.
25.6118, -0.118375, 507.017
33.7996, 6.43643, 527.959.
37.6655, -0.382168, 503.688
50.6365, 9.77334, 531.363.
-76.2679, -0.382189, 453.048
-48.5931, 9.7733, 466.019.
-72.8634, -0.118395, 469.433
-51.922, 6.4364, 477.621.
-76.2679, -0.382182, 481.487
-48.5931, 9.77332, 494.458.
54.6891, -0.382188, 455.044
82.3639, 9.77331, 468.015.
58.0936, -0.118392, 471.429
79.035, 6.4364, 479.617.
54.6891, -0.382179, 483.483
82.3639, 9.77333, 496.454.
-72.6499, -0.0535797, 505.729
-54.6159, 10.7308, 523.763.
58.0323, -0.0535797, 505.729
76.0664, 10.7308, 523.763.
58.0323, -0.0536444, 373.136
76.0664, 10.7308, 391.17.
-72.5012, -0.0536444, 373.136
-54.4672, 10.7308, 391.17.
-0.202852, 4.80392, 340.824
5.54954, 10.8625, 346.975.
-0.574956, -0.0881128, 340.828
5.93089, 5.52819, 347.351.
23.1312, 4.80392, 340.824
28.8836, 10.8625, 346.975.
22.7591, -0.0881128, 340.828
29.265, 5.52819, 347.351.
46.8085, 4.80392, 340.824
52.5609, 10.8625, 346.975.
46.4364, -0.0881128, 340.828
52.9422, 5.52819, 347.351.
69.7994, 4.80392, 340.824
75.5518, 10.8625, 346.975.
69.4273, -0.0881128, 340.828
75.9332, 5.52819, 347.351.
-22.8506, 4.80392, 340.824
-17.0983, 10.8625, 346.975.
-23.2227, -0.0881128, 340.828
-16.7169, 5.52819, 347.351.
-45.1553, 4.80392, 342.39
-39.4029, 10.8625, 348.542.
-45.5274, -0.0881123, 342.394
-39.0216, 5.52819, 348.917.
-66.7737, 4.80392, 340.824
-61.0213, 10.8625, 346.975.
-67.1458, -0.0881128, 340.828
-60.6399, 5.52819, 347.351.
0.123381, 4.80402, 549.918
5.87577, 10.8626, 556.069.
-0.257969, -0.0880115, 549.542
6.24788, 5.52829, 556.065.
-22.9248, 4.80402, 549.918
-17.1724, 10.8626, 556.069.
-23.3061, -0.0880115, 549.542
-16.8003, 5.52829, 556.065.
-45.4582, 4.80402, 549.918
-39.7058, 10.8626, 556.069.
-45.8395, -0.0880115, 549.542
-39.3337, 5.52829, 556.065.
-66.7334, 4.80402, 549.918
-60.981, 10.8626, 556.069.
-67.1147, -0.0880115, 549.542
-60.6089, 5.52829, 556.065.
23.0571, 4.80402, 549.918
28.8095, 10.8626, 556.069.
22.6758, -0.0880115, 549.542
29.1816, 5.52829, 556.065.
46.5056, 4.80402, 549.918
52.258, 10.8626, 556.069.
46.1243, -0.0880115, 549.542
52.6301, 5.52829, 556.065.
70.1257, 4.80402, 549.918
75.8781, 10.8626, 556.069.
69.7443, -0.0880115, 549.542
76.2502, 5.52829, 556.065.
-107.277, 4.80397, 448.571
-101.126, 10.8625, 454.323.
-107.273, -0.0880612, 448.189
-100.75, 5.52824, 454.695.
-107.277, 4.80396, 425.862
-101.126, 10.8625, 431.614.
-107.273, -0.0880733, 425.48
-100.75, 5.52823, 431.986.
-107.277, 4.80395, 401.855
-101.126, 10.8625, 407.607.
-107.273, -0.0880835, 401.473
-100.75, 5.52822, 407.979.
-107.277, 4.80394, 378.2
-101.126, 10.8625, 383.952.
-107.273, -0.088096, 377.818
-100.75, 5.52821, 384.324.
-107.277, 4.80399, 471.731
-101.126, 10.8625, 477.483.
-107.273, -0.0880488, 471.349
-100.75, 5.52825, 477.855.
-107.277, 4.80401, 514.947
-101.126, 10.8625, 520.699.
-107.273, -0.08803, 514.565
-100.75, 5.52827, 521.071.
101.316, 4.80397, 448.75
107.467, 10.8625, 454.503.
100.94, -0.0880611, 448.378
107.463, 5.52824, 454.884.
101.316, 4.80398, 471.119
107.467, 10.8625, 476.872.
100.94, -0.0880514, 470.747
107.463, 5.52825, 477.253.
101.316, 4.80399, 493.426
107.467, 10.8625, 499.179.
100.94, -0.0880394, 493.054
107.463, 5.52826, 499.56.
101.316, 4.80401, 514.702
107.467, 10.8625, 520.454.
100.94, -0.0880301, 514.33
107.463, 5.52827, 520.835.
101.316, 4.80396, 425.59
107.467, 10.8625, 431.343.
100.94, -0.0880734, 425.218
107.463, 5.52823, 431.724.
101.316, 4.80395, 402.142
107.467, 10.8625, 407.894.
100.94, -0.0880834, 401.77
107.463, 5.52822, 408.276.
101.316, 4.80394, 378.974
107.467, 10.8625, 384.727.
100.94, -0.0880958, 378.602
107.463, 5.52821, 385.108.
-1.67233, -0.0888679, 441.763
27.8248, 24.0041, 452.101.
-28.4199, -0.146497, 444.331
-28.0024, 17.6537, 451.165.
-28.4194, -0.148513, 443.491
-27.5951, 18.501, 452.006.
-28.6, 8.50858, 445.497
-28.4441, 8.98347, 445.978.
-107.277, 4.80398, 493.269
-101.126, 10.8625, 499.021.
-107.273, -0.0880538, 492.888
-100.75, 5.52825, 499.393.
-65.6163, 4.52071, 551.327
-61.5384, 11.6192, 556.017.
-65.4881, 8.44788, 556.816
-61.6571, 11.5257, 560.477.
-65.4881, 8.5545, 556.816
-61.6571, 11.5257, 560.368.
-65.3946, 8.68201, 558.114
-61.7477, 8.73313, 559.503.
-65.2429, 8.97365, 559.948
-61.9094, 11.2657, 560.352.
-64.7365, 11.5311, 550.472
-62.4093, 12.678, 553.63.
-66.1176, 9.38271, 548.85
-61.0232, 15.0298, 554.083.
-65.6053, 0.64854, 551.325
-61.357, 13.9391, 558.401.
-63.7049, 12.1507, 553.484
-63.4391, 12.2117, 553.545.
-64.7915, -0.145967, 554.498
-62.3413, 2.35336, 558.107.
-62.006, 13.703, 464.681
-61.379, 14.0422, 465.305.
-63.6237, 8.39838, 467.926
-59.7927, 11.4762, 471.587.
-63.6237, 8.505, 467.926
-59.7927, 11.4762, 471.478.
-63.5302, 8.63251, 469.224
-59.8833, 8.68363, 470.613.
-63.3785, 8.92414, 471.057
-60.045, 11.2162, 471.462.
-64.4476, 2.22356, 463.295
-58.4126, 16.2806, 468.992.
-64.4818, 7.07265, 462.237
-58.8866, 13.1686, 466.34.
-64.33, 7.18604, 462.664
-59.0628, 12.8093, 466.011.
-63.5803, 3.24517, 462.729
-59.8256, 9.21379, 468.125.
-61.0439, 1.32838, 467.032
-59.54, 2.95381, 469.775.
-63.8188, 1.28217, 467.017
-62.3346, 2.98089, 469.764.
-63.0134, 13.8676, 462.935
-60.4782, 17.2161, 466.056.
-62.2138, 14.0137, 465.179
-61.1999, 15.1361, 465.609.
-62.006, 13.703, 413.138
-61.379, 14.0421, 413.762.
-63.6237, 8.39836, 416.383
-59.7927, 11.4762, 420.044.
-63.6237, 8.50498, 416.383
-59.7927, 11.4762, 419.935.
-63.5302, 8.63249, 417.681
-59.8833, 8.68361, 419.07.
-63.3785, 8.92413, 419.514
-60.045, 11.2162, 419.918.
-64.4476, 2.22354, 411.751
-58.4126, 16.2806, 417.449.
-64.4818, 7.07264, 410.694
-58.8866, 13.1686, 414.797.
-64.33, 7.18602, 411.121
-59.0628, 12.8092, 414.468.
-63.5803, 3.24515, 411.186
-59.8256, 9.21377, 416.581.
-61.0439, 1.32837, 415.489
-59.54, 2.95379, 418.232.
-63.8188, 1.28215, 415.474
-62.3346, 2.98087, 418.22.
-63.0134, 13.8676, 411.392
-60.4782, 17.2161, 414.512.
-62.2138, 14.0136, 413.636
-61.1999, 15.1361, 414.065.
-34.7346, 13.703, 377.08
-34.1104, 14.0421, 377.708.
-31.5122, 8.39827, 375.532
-27.8077, 11.4761, 379.403.
-31.5122, 8.50489, 375.532
-27.9159, 11.4761, 379.403.
-30.2141, 8.6324, 375.639
-28.7814, 8.68352, 379.297.
-28.3792, 8.92403, 375.82
-27.9346, 11.2161, 379.158.
-36.1212, 2.22346, 374.15
-30.3949, 16.2805, 380.185.
-37.1784, 7.07258, 374.596
-33.076, 13.1685, 380.187.
-36.7518, 7.18596, 374.771
-33.4052, 12.8092, 380.032.
-36.6867, 3.24507, 375.559
-31.2754, 9.21371, 379.313.
-32.3681, 1.32829, 375.291
-29.6226, 2.95371, 376.778.
-32.4145, 1.28207, 378.068
-29.6701, 2.98079, 379.568.
-36.4817, 13.8675, 376.188
-33.3531, 17.216, 378.706.
-34.2425, 14.0136, 376.908
-33.8024, 15.136, 377.922.
-34.7346, 13.703, 521.005
-34.1104, 14.0421, 521.632.
-31.5122, 8.39832, 519.457
-27.8077, 11.4762, 523.328.
-31.5122, 8.50494, 519.457
-27.9159, 11.4762, 523.328.
-30.2141, 8.63245, 519.564
-28.7814, 8.68357, 523.221.
-28.3792, 8.92408, 519.745
-27.9346, 11.2162, 523.083.
-36.1212, 2.22351, 518.074
-30.3949, 16.2806, 524.11.
-37.1784, 7.07263, 518.521
-33.076, 13.1686, 524.112.
-36.7518, 7.18601, 518.696
-33.4052, 12.8092, 523.956.
-36.6867, 3.24512, 519.484
-31.2754, 9.21376, 523.238.
-32.3681, 1.32834, 519.215
-29.6226, 2.95376, 520.703.
-32.4145, 1.28211, 521.993
-29.6701, 2.98084, 523.493.
-36.4817, 13.8676, 520.113
-33.3531, 17.216, 522.631.
-34.2425, 14.0136, 520.833
-33.8024, 15.136, 521.847.
104.195, 13.9389, 382.214
104.819, 14.278, 382.841.
107.418, 8.63419, 380.666
111.122, 11.712, 384.537.
107.418, 8.74081, 380.666
111.014, 11.712, 384.537.
108.716, 8.86832, 380.773
110.148, 8.91944, 384.43.
110.551, 9.15995, 380.953
110.995, 11.452, 384.292.
102.809, 2.45938, 379.283
108.535, 16.5165, 385.318.
101.751, 7.3085, 379.73
105.854, 13.4045, 385.32.
102.178, 7.42188, 379.905
105.525, 13.0451, 385.165.
102.243, 3.48099, 380.692
107.654, 9.44963, 384.447.
106.562, 1.56421, 380.424
109.307, 3.18963, 381.911.
106.515, 1.51798, 383.202
109.26, 3.21671, 384.701.
102.448, 14.1034, 381.322
105.577, 17.4519, 383.839.
104.687, 14.2495, 382.042
105.127, 15.3719, 383.055.
-104.646, 13.939, 404.329
-104.022, 14.2781, 404.956.
-110.949, 8.63433, 402.633
-107.245, 11.7122, 406.504.
-110.841, 8.74096, 402.633
-107.245, 11.7122, 406.504.
-109.976, 8.86847, 402.74
-108.543, 8.91959, 406.397.
-110.822, 9.16011, 402.878
-110.378, 11.4522, 406.216.
-108.362, 2.45951, 401.851
-102.636, 16.5166, 407.887.
-105.681, 7.30859, 401.849
-101.579, 13.4046, 407.44.
-105.352, 7.42198, 402.005
-102.005, 13.0452, 407.265.
-107.482, 3.48112, 402.723
-102.07, 9.44974, 406.478.
-109.134, 1.56434, 405.258
-106.389, 3.18977, 406.746.
-109.087, 1.51812, 402.468
-106.343, 3.21685, 403.968.
-105.404, 14.1036, 403.33
-102.275, 17.452, 405.848.
-104.954, 14.2496, 404.114
-104.514, 15.372, 405.128.
-104.646, 13.939, 495.743
-104.022, 14.2781, 496.37.
-110.949, 8.63436, 494.047
-107.245, 11.7122, 497.918.
-110.841, 8.741, 494.047
-107.245, 11.7122, 497.918.
-109.976, 8.8685, 494.154
-108.543, 8.91962, 497.811.
-110.822, 9.16014, 494.292
-110.378, 11.4522, 497.63.
-108.362, 2.45954, 493.266
-102.636, 16.5166, 499.301.
-105.681, 7.30862, 493.264
-101.579, 13.4046, 498.854.
-105.352, 7.42201, 493.419
-102.005, 13.0452, 498.679.
-107.482, 3.48115, 494.138
-102.07, 9.44977, 497.892.
-109.134, 1.56437, 496.673
-106.389, 3.1898, 498.16.
-109.087, 1.51815, 493.883
-106.343, 3.21688, 495.382.
-105.404, 14.1036, 494.744
-102.275, 17.4521, 497.262.
-104.954, 14.2496, 495.529
-104.514, 15.372, 496.542.
0.921264, 4.52071, 551.327
4.99912, 11.6192, 556.017.
1.04946, 8.44788, 556.816
4.88041, 11.5257, 560.477.
1.04946, 8.5545, 556.816
4.88041, 11.5257, 560.368.
1.14298, 8.68201, 558.114
4.78987, 8.73313, 559.503.
1.29466, 8.97365, 559.948
4.62811, 11.2657, 560.352.
1.80103, 11.5311, 550.472
4.12822, 12.678, 553.63.
0.419927, 9.38271, 548.85
5.5144, 15.0298, 554.083.
0.93225, 0.64854, 551.325
5.18051, 13.9391, 558.401.
2.83264, 12.1507, 553.484
3.09849, 12.2117, 553.545.
1.74609, -0.145967, 554.498
4.19626, 2.35336, 558.107.
46.9417, 4.52071, 551.327
51.0196, 11.6192, 556.017.
47.0699, 8.44788, 556.816
50.9009, 11.5257, 560.477.
47.0699, 8.5545, 556.816
50.9009, 11.5257, 560.368.
47.1635, 8.68201, 558.114
50.8103, 8.73313, 559.503.
47.3151, 8.97365, 559.948
50.6486, 11.2657, 560.352.
47.8215, 11.5311, 550.472
50.1487, 12.678, 553.63.
46.4404, 9.38271, 548.85
51.5349, 15.0298, 554.083.
46.9527, 0.64854, 551.325
51.201, 13.9391, 558.401.
48.8531, 12.1507, 553.484
49.119, 12.2117, 553.545.
47.7666, -0.145967, 554.498
50.2167, 2.35336, 558.107.
-43.9992, 4.52059, 341.474
-39.9213, 11.6191, 346.164.
-43.8804, 8.44776, 337.013
-40.0495, 11.5256, 340.675.
-43.8804, 8.55438, 337.122
-40.0495, 11.5256, 340.675.
-43.7899, 8.68189, 337.988
-40.143, 8.73301, 339.377.
-43.6281, 8.97353, 337.139
-40.2947, 11.2656, 337.543.
-43.1283, 11.531, 343.861
-40.8011, 12.6779, 347.019.
-44.5144, 9.38261, 343.408
-39.42, 15.0297, 348.641.
-44.1805, 0.648427, 339.089
-39.9323, 13.939, 346.166.
-42.0985, 12.1506, 343.945
-41.8327, 12.2116, 344.007.
-43.1963, -0.146079, 339.384
-40.7461, 2.35324, 342.993.
47.2808, 4.52059, 340.588
51.3587, 11.6191, 345.278.
47.3995, 8.44776, 336.127
51.2305, 11.5256, 339.789.
47.3995, 8.55438, 336.236
51.2305, 11.5256, 339.789.
47.4901, 8.68189, 337.102
51.137, 8.73301, 338.491.
47.6518, 8.97353, 336.253
50.9853, 11.2656, 336.657.
48.1517, 11.531, 342.975
50.4789, 12.6779, 346.133.
46.7656, 9.3826, 342.522
51.86, 15.0297, 347.755.
47.0994, 0.648426, 338.203
51.3477, 13.939, 345.28.
49.1815, 12.1506, 343.059
49.4473, 12.2116, 343.12.
48.0837, -0.14608, 338.498
50.5339, 2.35324, 342.107.
36.3251, 4.52064, 383.116
41.0147, 11.6191, 387.194.
31.8641, 8.44781, 383.244
35.5254, 11.5257, 387.075.
31.9732, 8.55443, 383.244
35.5254, 11.5257, 387.075.
32.8385, 8.68194, 383.338
34.2276, 8.73306, 386.985.
31.9899, 8.97357, 383.489
32.3941, 11.2657, 386.823.
38.7114, 11.531, 383.996
41.8698, 12.6779, 386.323.
38.2585, 9.38265, 382.615
43.4918, 15.0298, 387.709.
33.9402, 0.648472, 383.127
41.0168, 13.939, 387.375.
38.7962, 12.1506, 385.027
38.8573, 12.2117, 385.293.
34.2349, -0.146034, 383.941
37.8439, 2.35329, 386.391.
64.8484, 4.52064, 481.767
68.9263, 11.6191, 486.457.
64.9671, 8.44781, 477.306
68.7981, 11.5257, 480.967.
64.9671, 8.55443, 477.415
68.7981, 11.5257, 480.967.
65.0577, 8.68194, 478.28
68.7046, 8.73306, 479.669.
65.2194, 8.97357, 477.432
68.5529, 11.2657, 477.836.
65.7193, 11.531, 484.153
68.0465, 12.6779, 487.312.
64.3332, 9.38265, 483.7
69.4276, 15.0298, 488.934.
64.6671, 0.648472, 479.382
68.9153, 13.939, 486.459.
66.7491, 12.1506, 484.238
67.0149, 12.2117, 484.299.
65.6513, -0.146034, 479.677
68.1015, 2.35329, 483.286.
-61.9064, 4.52062, 428.736
-57.8286, 11.6191, 433.425.
-61.7877, 8.44779, 424.275
-57.9568, 11.5256, 427.936.
-61.7877, 8.55441, 424.384
-57.9568, 11.5256, 427.936.
-61.6972, 8.68192, 425.249
-58.0503, 8.73304, 426.638.
-61.5354, 8.97355, 424.401
-58.202, 11.2656, 424.805.
-61.0355, 11.531, 431.122
-58.7083, 12.6779, 434.28.
-62.4217, 9.38263, 430.669
-57.3272, 15.0297, 435.902.
-62.0878, 0.648455, 426.351
-57.8396, 13.939, 433.427.
-60.0058, 12.1506, 431.207
-59.7399, 12.2117, 431.268.
-61.1036, -0.146051, 426.646
-58.6534, 2.35327, 430.255.
-28.6, 255.62, 402.828
-28.4441, 256.095, 403.31.
-83.4201, -0.619716, 331.036
84.7961, 24.2555, 332.336.
-83.4201, -0.619641, 560.382
84.7961, 24.2556, 561.682.
-115.83, -0.619705, 362.251
-114.53, 24.2556, 530.467.
117.1, -0.619705, 362.251
118.4, 24.2556, 530.467.
-116.021, -0.619705, 362.143
-82.5181, 24.2555, 363.443.
-116.021, -0.619651, 529.707
-82.5181, 24.2556, 531.007.
84.7237, -0.619651, 529.707
118.226, 24.2556, 531.007.
84.7237, -0.619705, 362.972
118.226, 24.2555, 364.272.
83.8198, -0.619716, 330.971
85.1199, 24.2555, 364.474.
83.8198, -0.619651, 530.547
85.1199, 24.2556, 560.859.
-84.1586, -0.619651, 530.547
-82.8585, 24.2556, 560.859.
-83.7439, -0.619715, 331.383
-82.4438, 24.2555, 363.229.
-115.796, 24.1562, 332.105
117.918, 24.1564, 561.673.