-146.595, 20.7489, -139.73
105.436, 20.749, 137.367.
-146.396, 2.91646, -139.512
105.237, 15.4758, 137.148.
-150.706, -3.41856, -144.25
109.546, 20.749, 141.886.
-146.595, 2.59175, -139.73
105.436, 15.8005, 137.367.
-117.576, -0.0907236, 30.1257
-117.135, 17.7095, 36.9596.
-117.987, -0.0927398, 29.2827
-117.133, 18.5567, 37.8005.
-51.1349, -10.5487, 9.01559
-51.1203, -10.5119, 9.05293.
-51.1268, -10.3287, 8.79034
-51.0322, -10.2881, 9.05345.
-117.246, 7.7903, 36.2502
-117.069, 8.32517, 36.7927.
43.647, 2.37198, -20.7925
44.8446, 7.54915, -19.7425.
42.5139, 2.47252, -21.2108
45.4898, 10.3824, -18.6099.
40.206, 3.33584, -23.1937
47.3739, 13.983, -15.8088.
42.7417, 0.122269, -21.1973
44.9922, 2.66294, -18.925.
42.8807, 2.42445, -20.9733
44.8888, 2.50947, -19.0677.
42.4355, 2.37201, 15.2124
43.9831, 7.54917, 15.7251.
41.3063, 2.47254, 13.8581
44.3179, 10.3824, 17.1216.
38.4965, 3.33587, 10.8472
46.6221, 13.983, 20.8213.
41.6519, 0.122296, 14.3402
43.9182, 2.66297, 16.6168.
41.8079, 2.42448, 14.5254
43.7657, 2.5095, 16.4988.
-117.397, -0.0907392, -4.86568
-116.956, 17.7094, 1.96828.
-117.807, -0.0927554, -5.70863
-116.953, 18.5567, 2.8092.
-117.213, -0.0907555, -41.6065
-116.773, 17.7094, -34.7725.
-117.624, -0.0927717, -42.4494
-116.77, 18.5567, -33.9316.
-51.0498, -10.5487, -7.81611
-51.0352, -10.5119, -7.77877.
-116.884, 7.79027, -35.4819
-116.706, 8.32514, -34.9394.
-116.884, 8.73519, -35.4819
-116.706, 9.27006, -34.9394.
0.627749, -0.0907627, -55.1799
7.46248, 17.7094, -54.7082.
-0.217886, -0.0927794, -55.594
8.30345, 18.5567, -54.7019.
-23.4143, -10.5487, -12.3504
-23.3769, -10.5119, -12.3356.
0.79617, 9.73097, -54.8015
1.33937, 10.2658, -54.6216.
0.628488, -0.0907139, 49.3046
7.46175, 17.7095, 49.722.
-0.212386, -0.0927297, 49.3051
8.30265, 18.5567, 50.1293.
-22.038, -10.5487, 12.0172
-22.0007, -10.5119, 12.0317.
5.13422, 8.72487, 48.7697
6.13055, 8.87869, 49.1239.
5.81485, 10.505, 49.1244
6.29591, 10.9799, 49.2803.
-118.538, -0.435261, -79.8694
-116.734, 22.133, 77.0374.
-11.2102, -0.435262, -71.4614
-10.053, 22.133, -36.4906.
-11.2102, -0.435215, 32.8237
-10.053, 22.133, 67.7945.
-10.3694, -0.436342, -71.6188
20.8638, 22.134, -70.5123.
-10.3694, -0.43628, 66.4716
20.8638, 22.1341, 67.578.
-10.3694, -0.436335, -55.7884
20.8638, 22.134, -54.682.
-10.3694, -0.436288, 49.2461
20.8638, 22.1341, 50.3525.
19.8519, -0.435258, -71.636
21.5567, 22.133, 66.5188.
-67.2937, -0.125932, -35.9402
-65.9571, 14.5273, 32.8304.
-88.7018, -0.125932, 10.5854
-44.5491, 14.5273, 11.9082.
-88.7018, -0.125943, -14.3964
-44.5491, 14.5273, -13.0735.
-89.0192, -0.125929, -30.0372
-87.6826, 14.5273, 26.9861.
-45.6626, -0.125929, -30.0372
-44.326, 14.5273, 26.9861.
-81.141, -0.125945, -36.3713
-52.1099, 14.5273, -35.1687.
-81.141, -0.125915, 31.7354
-52.1099, 14.5273, 32.9379.
-61.5611, -0.126982, 93.3437
-50.1628, 7.13883, 136.513.
6.49174, -0.126983, 92.9019
17.89, 7.13883, 136.071.
-16.3945, -0.126983, 93.0505
-4.99625, 7.13883, 136.22.
-39.1807, -0.126983, 93.1984
-27.7824, 7.13883, 136.368.
-61.5479, -0.127088, -137.452
-50.1746, 7.13873, -94.2587.
6.50357, -0.127088, -138.065
17.8769, 7.13873, -94.8716.
-16.3822, -0.127088, -137.859
-5.00895, 7.13873, -94.6655.
-39.168, -0.127088, -137.654
-27.7947, 7.13873, -94.4603.
-66.7185, 0.0559981, 117.297
-60.3405, 4.59701, 123.191.
-66.7611, 4.04273, 117.584
-60.5226, 8.81725, 122.919.
-66.7185, 0.0559912, 101.818
-60.3405, 4.597, 107.712.
-66.7611, 4.04272, 102.105
-60.5226, 8.81724, 107.44.
-42.383, 0.0560022, 126.513
-36.005, 4.59701, 132.407.
-42.4256, 4.04273, 126.8
-36.1871, 8.81725, 132.135.
-42.6517, 0.0559883, 95.24
-36.2737, 4.597, 101.134.
-42.6943, 4.04272, 95.527
-36.4559, 8.81724, 100.862.
-20.675, 0.0560022, 126.513
-14.297, 4.59701, 132.407.
-20.7176, 4.04273, 126.8
-14.4791, 8.81725, 132.135.
-22.0335, -0.850229, 104.657
-16.2381, -0.445378, 109.891.
-20.8283, 4.04274, 117.584
-14.5899, 8.81726, 122.919.
-20.7858, 0.0560052, 117.297
-14.4077, 4.59702, 123.191.
-21.6394, -0.850234, 93.185
-15.844, -0.445384, 98.4191.
-21.795, 0.0559883, 95.24
-15.417, 4.597, 101.134.
-21.8376, 4.04272, 95.527
-15.5991, 8.81724, 100.862.
2.48894, 0.0560022, 126.513
8.86695, 4.59701, 132.407.
2.44637, 4.04273, 126.8
8.68482, 8.81725, 132.135.
2.0021, 0.0559883, 95.24
8.38011, 4.597, 101.134.
1.95952, 4.04272, 95.527
8.19797, 8.81724, 100.862.
15.2336, 0.0560184, 95.2663
21.5618, 4.597, 101.106.
15.3903, 4.04257, 95.53
21.6289, 8.81735, 100.836.
9.94733, -0.850554, 103.79
15.6985, -0.445074, 108.975.
15.2336, 0.0560278, 116.321
21.5618, 4.59701, 122.16.
15.3903, 4.04258, 116.584
21.6289, 8.81736, 121.891.
-7.32794, 4.04258, 116.584
-1.08938, 8.81735, 121.891.
-7.48472, 0.056022, 116.321
-1.15645, 4.597, 122.16.
-5.39806, 0.0560226, 104.8
0.930216, 4.597, 110.64.
-5.24127, 4.04258, 105.064
0.997288, 8.81736, 110.37.
-7.79594, -0.0725483, 95.2663
-1.31838, 0.383373, 101.106.
-30.0009, 0.0560226, 104.8
-23.6726, 4.597, 110.64.
-29.8441, 4.04258, 105.064
-23.6056, 8.81736, 110.37.
-30.3368, 0.056032, 125.962
-24.0085, 4.59701, 131.802.
-30.18, 4.04259, 126.226
-23.9415, 8.81736, 131.532.
-52.3744, 0.0560278, 116.321
-46.0461, 4.59701, 122.16.
-52.2176, 4.04258, 116.584
-45.979, 8.81736, 121.891.
-52.2062, 0.0560226, 104.8
-45.8779, 4.597, 110.64.
-52.0494, 4.04258, 105.064
-45.8108, 8.81736, 110.37.
-66.7185, -0.171976, -103.129
-60.3405, 4.36904, -97.2353.
-66.7611, 3.81476, -102.842
-60.5226, 8.58928, -97.5065.
-66.7185, -0.142407, -125.266
-60.3405, 4.3986, -119.372.
-66.7611, 3.84432, -124.979
-60.5226, 8.61884, -119.643.
-42.383, 0.0559, -103.129
-36.005, 4.59691, -97.2353.
-42.4256, 4.04263, -102.842
-36.1871, 8.81715, -97.5065.
-46.7896, 0.0558896, -126.493
-40.4116, 4.5969, -120.599.
-46.8322, 4.04262, -126.206
-40.5937, 8.81714, -120.87.
-42.6944, 4.04262, -134.115
-36.4559, 8.81714, -128.78.
-42.6518, 0.0558934, -134.402
-36.2738, 4.59691, -128.508.
-20.7857, 0.0558959, -112.345
-14.4077, 4.59691, -106.451.
-20.8283, 4.04263, -112.058
-14.5898, 8.81715, -106.723.
-21.795, 0.055886, -134.402
-15.417, 4.5969, -128.508.
-21.8376, 4.04262, -134.115
-15.5991, 8.81714, -128.78.
1.38669, 4.04263, -110.854
7.62514, 8.81715, -105.518.
1.42926, 0.0559038, -111.141
7.80727, 4.59692, -105.247.
1.95946, 3.86467, -134.115
8.19792, 8.63919, -128.78.
2.00205, -0.12206, -134.402
8.38006, 4.41895, -128.508.
15.3903, 3.86349, -134.112
21.6289, 8.63826, -128.806.
15.2335, -0.123071, -134.376
21.5618, 4.41791, -128.536.
-5.92395, 4.04248, -103.416
0.314608, 8.81726, -98.1097.
-6.08074, 0.0559241, -103.68
0.247529, 4.59691, -97.8401.
-5.5865, 4.04247, -124.578
0.652056, 8.81725, -119.272.
-5.74329, 0.0559147, -124.842
0.584986, 4.5969, -119.002.
-29.7692, 4.04247, -134.112
-23.5306, 8.81724, -128.806.
-29.926, 0.0559104, -134.376
-23.5977, 4.59689, -128.536.
-30.9538, 0.0559256, -113.321
-24.6255, 4.59691, -107.482.
-30.797, 4.04248, -113.058
-24.5585, 8.81726, -107.751.
-52.2176, 4.04248, -113.058
-45.9791, 8.81725, -107.751.
-52.3744, 0.0559198, -113.321
-46.0461, 4.5969, -107.482.
-51.7281, 3.8434, -134.112
-45.4895, 8.61818, -128.806.
-51.8849, -0.143155, -134.376
-45.5566, 4.39783, -128.536.
-77.1709, 1.09042, -20.6355
-71.3755, 1.49527, -15.4014.
-82.9293, 4.04267, -23.532
-76.6909, 8.81719, -18.1965.
-82.8867, 0.0559427, -23.819
-76.5087, 4.59695, -17.9253.
-62.4529, 4.04257, -32.6869
-57.1461, 8.81725, -26.4482.
-62.7156, 0.0560067, -32.6217
-56.8714, 4.59694, -26.2893.
-62.4575, 3.8268, -0.980961
-57.1043, 8.60148, 5.25698.
-62.7546, -0.159767, -1.17735
-56.83, 4.38117, 5.22914.
-76.2908, 4.04258, -0.980961
-70.9376, 8.81727, 5.25698.
-76.5879, 0.0560213, -1.17735
-70.6633, 4.59696, 5.22914.
-76.5879, -0.171949, 23.2722
-70.6633, 4.36899, 29.6787.
-76.2908, 3.81461, 23.4686
-70.9376, 8.5893, 29.7065.
-63.2781, -0.231703, 23.2722
-57.3535, 4.30923, 29.6787.
-62.981, 3.75486, 23.4686
-57.6278, 8.52954, 29.7065.
-66.1359, -0.112855, -27.2702
-53.8516, 7.15295, -14.2068.
-79.3166, -0.112855, -27.2702
-67.0323, 7.15295, -14.2068.
-79.3166, -0.112849, -13.0237
-67.0323, 7.15295, 0.0396786.
-66.0052, -0.112849, -13.0237
-53.721, 7.15295, 0.0396786.
-66.0052, -0.112838, 11.8954
-53.721, 7.15296, 24.9588.
-79.5736, -0.112838, 11.8954
-67.2893, 7.15296, 24.9588.
-61.4479, -0.0894208, 45.5472
-47.6912, 8.13718, 59.304.
-85.4165, -0.0894208, 45.5472
-71.6598, 8.13718, 59.304.
-61.4479, -0.0894677, -59.8336
-47.6912, 8.13713, -46.0768.
-85.4165, -0.0894679, -60.0868
-71.6598, 8.13713, -46.33.
-37.3281, -0.0894578, -37.5487
-23.5713, 8.13714, -23.7919.
-37.2417, -0.0894438, -6.03862
-23.4878, 8.13716, 7.71527.
-37.3281, -0.08943, 24.899
-23.5713, 8.13717, 38.6558.
-57.9414, -0.056099, -64.7664
-52.0081, 9.26923, -58.3121.
-79.1426, -0.0560986, -63.6432
-72.7714, 9.26924, -57.0135.
-90.3124, -0.0560963, -59.0282
-83.5025, 9.26924, -52.2756.
-84.0528, -0.0560925, -48.6451
-77.4276, 9.26924, -41.9139.
-57.378, -0.0560927, -48.0311
-51.5156, 9.26925, -41.6813.
-50.4622, -0.0560967, -54.889
-44.0851, 9.26924, -49.0183.
-40.721, -0.0560866, -37.1754
-33.9111, 9.26925, -30.4228.
-35.7887, -0.0560832, -27.5701
-28.9221, 9.26925, -20.6754.
-28.0994, -0.056087, -36.41
-21.4173, 9.26925, -29.9353.
-32.9827, -0.0560748, -10.2421
-27.113, 9.26926, -3.8717.
-32.686, -0.0560689, 5.47207
-26.8181, 9.26927, 11.8292.
-26.0052, -0.0560709, -2.50797
-19.6192, 9.26926, 3.36364.
-36.4162, -0.0560608, 20.805
-29.9041, 9.26927, 27.5034.
-40.313, -0.0560605, 31.4603
-33.6213, 9.26928, 37.9568.
-30.1302, -0.0560545, 34.811
-23.4275, 9.26928, 41.5875.
-61.7566, -0.0560455, 55.2357
-54.7482, 9.26929, 62.2436.
-51.3174, -0.0560479, 52.4297
-44.4178, 9.26929, 59.3034.
-54.5649, -0.0560512, 42.3087
-47.5427, 9.26928, 49.3293.
-87.7041, -0.0560496, 45.3717
-80.7521, 9.26929, 52.32.
-82.7652, -0.0560464, 56.3345
-76.4835, 9.26929, 62.9236.
-74.0621, -0.0560482, 50.2354
-67.5717, 9.26929, 56.2687.
-145.187, -0.0628968, -136.393
102.385, -0.0627, 134.317.
39.814, 0.0714857, -16.6246
49.1455, 7.86776, 12.6137.
49.283, 0.839772, -15.5359
49.283, 2.05847, -8.0107.
21.7041, 16.229, -14.9292
21.7041, 18.4815, 10.3095.
21.7041, 16.2249, -61.5023
21.7041, 18.7603, -50.3263.
21.463, 16.225, 48.4908
21.463, 18.7603, 57.4837.
2.77538, -0.275054, -70.8204
20.5214, 20.2644, -62.0086.
15.3903, 3.86349, -112.893
21.6289, 8.63827, -107.586.
15.2335, -0.123062, -113.156
21.5618, 4.41792, -107.317.
-33, 9.27332, -10.8767
-27.9055, 14.9204, -5.64347.
-31.6189, 11.4217, -9.25476
-29.2917, 12.5686, -6.09642.
-32.4987, 4.4113, -8.39969
-28.4208, 11.5098, -3.71006.
-32.3705, 8.33848, -2.91038
-28.5395, 11.4163, 0.750878.
-32.3705, 8.44511, -2.91038
-28.5395, 11.4163, 0.641814.
-32.277, 8.57262, -1.61256
-28.6301, 8.62373, -0.223467.
-32.1253, 8.86425, 0.220949
-28.7918, 11.1563, 0.6251.
-31.6739, -0.255372, -5.22888
-29.2237, 2.24395, -1.61984.
-32.4877, 0.539133, -8.40181
-28.2394, 13.8297, -1.32513.
-30.6122, 12.0312, -6.30887
-30.2965, 12.1821, -6.1619.
-67.2419, 8.4798, 102.409
-62.3843, 13.7215, 107.138.
-65.7364, 10.474, 103.696
-62.8048, 11.5385, 105.856.
-64.9427, 3.96681, 102.887
-60.5897, 10.5557, 106.673.
-59.8474, 7.61207, 102.998
-56.449, 10.469, 106.554.
-59.8474, 7.71104, 102.998
-56.5502, 10.469, 106.554.
-58.6428, 7.8294, 103.082
-57.3534, 7.87684, 106.467.
-56.9409, 8.1001, 103.232
-56.5658, 10.2276, 106.326.
-61.9995, -0.364855, 103.633
-58.6495, 1.95505, 105.907.
-64.9447, 0.372615, 102.719
-58.376, 12.7091, 106.662.
-63.002, 11.0397, 104.629
-62.8655, 11.1798, 104.922.
0.757027, 8.4797, -110.837
5.61462, 13.7214, -106.109.
2.26258, 10.4739, -109.551
5.19419, 11.5384, -107.39.
3.05626, 3.96672, -110.359
7.40924, 10.5556, -106.574.
8.15151, 7.61198, -110.249
11.5499, 10.4689, -106.693.
8.15151, 7.71095, -110.249
11.4487, 10.4689, -106.693.
9.35616, 7.8293, -110.165
10.6455, 7.87675, -106.78.
11.0581, 8.1, -110.015
11.4332, 10.2275, -106.92.
5.99944, -0.36495, -109.614
9.34941, 1.95495, -107.339.
3.0543, 0.37252, -110.527
9.62296, 12.709, -106.584.
4.99699, 11.0396, -108.618
5.13341, 11.1797, -108.325.
-46.7682, 8.4797, -125.961
-41.9106, 13.7214, -121.233.
-45.2627, 10.4739, -124.675
-42.331, 11.5384, -122.515.
-44.469, 3.96671, -125.483
-40.116, 10.5556, -121.698.
-39.3737, 7.61197, -125.373
-35.9753, 10.4689, -121.817.
-39.3737, 7.71094, -125.373
-36.0765, 10.4689, -121.817.
-38.1691, 7.8293, -125.289
-36.8797, 7.87674, -121.904.
-36.4672, 8.09999, -125.139
-36.092, 10.2275, -122.045.
-41.5258, -0.364956, -124.738
-38.1758, 1.95495, -122.464.
-44.4709, 0.372514, -125.652
-37.9023, 12.709, -121.708.
-42.5282, 11.0396, -123.742
-42.3918, 11.1797, -123.449.
-4.35632, 6.10911, 105.184
-0.573318, 11.7301, 110.343.
-4.05274, 6.21366, 105.324
-0.96674, 11.3987, 110.181.
-6.80214, 1.63788, 105.215
-1.54829, 14.5995, 110.78.
-6.00185, 2.57988, 106.015
-1.0268, 8.0834, 109.477.
-7.52393, 0.812463, 108.354
-4.9943, 2.31123, 109.74.
-7.51323, 0.769846, 105.795
-4.98091, 2.3362, 107.164.
-9.19481, 7.33152, 105.975
-5.81885, 10.1695, 109.507.
-9.09424, 7.42984, 105.975
-5.81885, 10.1695, 109.507.
-8.29639, 7.54741, 106.061
-7.01553, 7.59454, 109.424.
-9.07883, 7.81632, 106.201
-8.70617, 9.92979, 109.275.
-4.09414, 12.3746, 106.538
-1.21705, 15.4621, 108.875.
-3.68202, 12.5092, 107.275
-3.28586, 13.5442, 108.21.
-3.40213, 12.2228, 107.467
-2.82682, 12.5355, 108.045.
-4.35632, 6.10901, -125.349
-0.573318, 11.73, -120.19.
-4.05274, 6.21356, -125.209
-0.96674, 11.3986, -120.352.
-6.80214, 1.63778, -125.318
-1.54829, 14.5994, -119.753.
-6.00185, 2.57978, -124.518
-1.0268, 8.0833, -121.056.
-7.52393, 0.812361, -122.179
-4.9943, 2.31113, -120.792.
-7.51323, 0.769744, -124.738
-4.98091, 2.3361, -123.369.
-9.19481, 7.33142, -124.558
-5.81885, 10.1694, -121.025.
-9.09424, 7.42973, -124.558
-5.81885, 10.1694, -121.025.
-8.29639, 7.54731, -124.472
-7.01553, 7.59444, -121.109.
-9.07883, 7.81621, -124.332
-8.70617, 9.92969, -121.258.
-4.09414, 12.3745, -123.995
-1.21705, 15.462, -121.657.
-3.68202, 12.5091, -123.258
-3.28586, 13.5441, -122.323.
-3.40213, 12.2227, -123.066
-2.82682, 12.5354, -122.488.
