

-117.576, -0.0907272, 30.1257
-117.135, 17.7095, 36.9596.
-117.987, -0.0927433, 29.2827
-117.133, 18.5567, 37.8005.
-51.1349, -10.5487, 9.01559
-51.1203, -10.5119, 9.05293.
-51.1268, -10.3287, 8.79034
-51.0322, -10.2881, 9.05345.
-117.246, 7.7903, 36.2502
-117.069, 8.32517, 36.7927.
43.647, 2.37198, -20.7925
44.8446, 7.54915, -19.7425.
42.5139, 2.47252, -21.2108
45.4898, 10.3824, -18.6099.
40.206, 3.33585, -23.1937
47.3739, 13.983, -15.8088.
42.7417, 0.122272, -21.1973
44.9922, 2.66295, -18.925.
42.8807, 2.42446, -20.9733
44.8888, 2.50948, -19.0677.
42.4355, 2.372, 15.2124
43.9831, 7.54917, 15.7251.
41.3063, 2.47254, 13.8581
44.3179, 10.3824, 17.1216.
38.4965, 3.33587, 10.8472
46.6221, 13.983, 20.8213.
41.6519, 0.122294, 14.3402
43.9182, 2.66297, 16.6168.
41.8079, 2.42448, 14.5254
43.7657, 2.5095, 16.4988.
-117.397, -0.0907386, -4.86567
-116.956, 17.7094, 1.96828.
-117.807, -0.0927547, -5.70863
-116.953, 18.5567, 2.8092.
-117.213, -0.0907506, -41.6064
-116.773, 17.7094, -34.7725.
-117.624, -0.0927667, -42.4494
-116.77, 18.5567, -33.9316.
-51.0498, -10.5487, -7.81611
-51.0352, -10.5119, -7.77877.
-116.884, 7.79027, -35.4819
-116.706, 8.32514, -34.9394.
-116.884, 8.73519, -35.4819
-116.706, 9.27006, -34.9394.
0.627749, -0.0907561, -55.1799
7.46248, 17.7094, -54.7082.
-0.217886, -0.0927727, -55.594
8.30345, 18.5567, -54.7019.
-23.4143, -10.5487, -12.3504
-23.3769, -10.5119, -12.3356.
0.79617, 9.73097, -54.8015
1.33937, 10.2658, -54.6216.
0.628488, -0.0907197, 49.3046
7.46175, 17.7095, 49.722.
-0.212386, -0.0927356, 49.3051
8.30265, 18.5567, 50.1293.
-22.038, -10.5487, 12.0172
-22.0007, -10.5119, 12.0317.
5.13422, 8.72486, 48.7697
6.13055, 8.87869, 49.1239.
5.81485, 10.505, 49.1244
6.29591, 10.9799, 49.2803.
-118.538, -0.435251, -79.8694
-116.734, 22.133, 77.0374.
-11.2102, -0.435253, -71.4614
-10.053, 22.133, -36.4906.
-11.2102, -0.435219, 32.8237
-10.053, 22.133, 67.7945.
-10.3694, -0.436333, -71.6188
20.8638, 22.134, -70.5123.
-10.3694, -0.436288, 66.4716
20.8638, 22.1341, 67.578.
-10.3694, -0.436328, -55.7884
20.8638, 22.134, -54.682.
-10.3694, -0.436294, 49.2461
20.8638, 22.1341, 50.3525.
19.8519, -0.43525, -71.636
21.5567, 22.133, 66.5188.
-67.2937, -0.125927, -35.9402
-65.9571, 14.5273, 32.8304.
-88.7018, -0.125933, 10.5854
-44.5491, 14.5273, 11.9082.
-88.7018, -0.125941, -14.3964
-44.5491, 14.5273, -13.0735.
-89.0192, -0.125925, -30.0372
-87.6826, 14.5273, 26.9861.
-45.6626, -0.125925, -30.0372
-44.326, 14.5273, 26.9861.
-81.141, -0.125941, -36.3713
-52.1099, 14.5273, -35.1687.
-81.141, -0.125918, 31.7354
-52.1099, 14.5273, 32.9379.
-61.5611, -0.126993, 93.3437
-50.1628, 7.13882, 136.513.
6.49174, -0.126994, 92.9019
17.89, 7.13882, 136.071.
-16.3945, -0.126994, 93.0505
-4.99625, 7.13882, 136.22.
-39.1807, -0.126994, 93.1984
-27.7824, 7.13882, 136.368.
-61.5479, -0.127072, -137.452
-50.1746, 7.13874, -94.2587.
6.50357, -0.127072, -138.065
17.8769, 7.13874, -94.8716.
-16.3822, -0.127072, -137.859
-5.00895, 7.13874, -94.6655.
-39.168, -0.127072, -137.654
-27.7947, 7.13874, -94.4603.
-66.7185, 0.0559871, 126.513
-60.3405, 4.597, 132.407.
-66.7611, 4.04272, 126.8
-60.5226, 8.81724, 132.135.
-66.7185, 0.0559841, 117.297
-60.3405, 4.597, 123.191.
-66.7611, 4.04271, 117.584
-60.5226, 8.81723, 122.919.
-66.7185, 0.0559791, 101.818
-60.3405, 4.59699, 107.712.
-66.7611, 4.04271, 102.105
-60.5226, 8.81723, 107.44.
-42.383, 0.0559871, 126.513
-36.005, 4.597, 132.407.
-42.4256, 4.04272, 126.8
-36.1871, 8.81724, 132.135.
-43.3108, 0.0559841, 117.297
-36.9328, 4.597, 123.191.
-43.3534, 4.04271, 117.584
-37.1149, 8.81723, 122.919.
-43.8275, 0.0559799, 104.376
-37.4495, 4.59699, 110.27.
-43.8701, 4.04271, 104.663
-37.6317, 8.81723, 109.999.
-42.6517, 0.0559769, 95.24
-36.2737, 4.59699, 101.134.
-42.6943, 4.04271, 95.527
-36.4559, 8.81723, 100.862.
-20.675, 0.0559871, 126.513
-14.297, 4.597, 132.407.
-20.7176, 4.04272, 126.8
-14.4791, 8.81724, 132.135.
-22.0335, -0.850241, 104.657
-16.2381, -0.445392, 109.891.
-20.8283, 4.04272, 117.584
-14.5899, 8.81724, 122.919.
-20.7858, 0.0559912, 117.297
-14.4077, 4.597, 123.191.
-21.6394, -0.850245, 93.185
-15.844, -0.445395, 98.4191.
-20.3418, 0.0559799, 104.376
-13.9638, 4.59699, 110.27.
-20.3844, 4.04271, 104.663
-14.146, 8.81723, 109.999.
-21.795, 0.0559769, 95.24
-15.417, 4.59699, 101.134.
-21.8376, 4.04271, 95.527
-15.5991, 8.81723, 100.862.
2.48894, 0.0559871, 126.513
8.86695, 4.597, 132.407.
2.44637, 4.04272, 126.8
8.68482, 8.81724, 132.135.
2.0021, 0.0559769, 95.24
8.38011, 4.59699, 101.134.
1.95952, 4.04271, 95.527
8.19797, 8.81723, 100.862.
15.2336, 0.056007, 95.2663
21.5618, 4.59699, 101.106.
15.3903, 4.04256, 95.53
21.6289, 8.81734, 100.836.
15.2336, 0.0560101, 104.8
21.5618, 4.59699, 110.64.
15.3903, 4.04257, 105.064
21.6289, 8.81734, 110.37.
15.2336, 0.056017, 125.962
21.5618, 4.597, 131.802.
15.3903, 4.04257, 126.226
21.6289, 8.81735, 131.532.
9.94733, -0.850567, 103.79
15.6985, -0.445087, 108.975.
15.2336, 0.0560139, 116.321
21.5618, 4.59699, 122.16.
15.3903, 4.04257, 116.584
21.6289, 8.81735, 121.891.
-7.32794, 4.04256, 116.584
-1.08938, 8.81734, 121.891.
-7.48472, 0.0560081, 116.321
-1.15645, 4.59699, 122.16.
-5.39806, 0.0560101, 104.8
0.930216, 4.59699, 110.64.
-5.24127, 4.04257, 105.064
0.997288, 8.81734, 110.37.
-7.79594, -0.0725596, 95.2663
-1.31838, 0.383361, 101.106.
-29.9259, 0.056007, 95.2663
-23.5977, 4.59699, 101.106.
-29.7692, 4.04256, 95.53
-23.5306, 8.81734, 100.836.
-30.0009, 0.0560101, 104.8
-23.6726, 4.59699, 110.64.
-29.8441, 4.04257, 105.064
-23.6056, 8.81734, 110.37.
-30.3368, 0.056017, 125.962
-24.0085, 4.597, 131.802.
-30.18, 4.04257, 126.226
-23.9415, 8.81735, 131.532.
-52.0363, 0.056017, 125.962
-45.708, 4.597, 131.802.
-51.8795, 4.04257, 126.226
-45.6409, 8.81735, 131.532.
-52.3744, 0.0560139, 116.321
-46.0461, 4.59699, 122.16.
-52.2176, 4.04257, 116.584
-45.979, 8.81735, 121.891.
-52.2062, 0.0560101, 104.8
-45.8779, 4.59699, 110.64.
-52.0494, 4.04257, 105.064
-45.8108, 8.81734, 110.37.
-66.7185, -0.171963, -103.129
-60.3405, 4.36905, -97.2353.
-66.7611, 3.81477, -102.842
-60.5226, 8.58929, -97.5065.
-66.7185, -0.142392, -125.266
-60.3405, 4.39862, -119.372.
-66.7611, 3.84434, -124.979
-60.5226, 8.61886, -119.643.
-66.7611, 3.88958, -134.115
-60.5227, 8.6641, -128.78.
-66.7185, -0.0971526, -134.402
-60.3405, 4.44386, -128.508.
-42.383, 0.0559123, -103.129
-36.005, 4.59692, -97.2353.
-42.4256, 4.04264, -102.842
-36.1871, 8.81716, -97.5065.
-46.7896, 0.0559047, -126.493
-40.4116, 4.59692, -120.599.
-46.8322, 4.04263, -126.206
-40.5937, 8.81715, -120.87.
-42.6944, 4.04264, -134.115
-36.4559, 8.81716, -128.78.
-42.6518, 0.0559094, -134.402
-36.2738, 4.59692, -128.508.
-20.675, 0.0559123, -103.129
-14.297, 4.59692, -97.2353.
-20.7176, 4.04264, -102.842
-14.4791, 8.81716, -97.5065.
-20.7857, 0.0559093, -112.345
-14.4077, 4.59692, -106.451.
-20.8283, 4.04264, -112.058
-14.5898, 8.81716, -106.723.
-21.795, 0.0559021, -134.402
-15.417, 4.59691, -128.508.
-21.8376, 4.04263, -134.115
-15.5991, 8.81715, -128.78.
1.38669, 4.04265, -110.854
7.62514, 8.81717, -105.518.
1.42926, 0.055917, -111.141
7.80727, 4.59693, -105.247.
1.95946, 3.86469, -134.115
8.19792, 8.63921, -128.78.
2.00205, -0.122044, -134.402
8.38006, 4.41897, -128.508.
15.3903, 3.8635, -134.112
21.6289, 8.63828, -128.806.
15.2335, -0.123055, -134.376
21.5618, 4.41793, -128.536.
15.3903, 3.86546, -103.416
21.6289, 8.64023, -98.1097.
15.2335, -0.121101, -103.68
21.5618, 4.41988, -97.8401.
-5.92395, 4.04249, -103.416
0.314608, 8.81727, -98.1097.
-6.08074, 0.0559365, -103.68
0.247529, 4.59692, -97.8401.
-5.5865, 4.04249, -124.578
0.652056, 8.81726, -119.272.
-5.74329, 0.0559295, -124.842
0.584986, 4.59691, -119.002.
-29.7692, 4.04248, -134.112
-23.5306, 8.81726, -128.806.
-29.926, 0.0559265, -134.376
-23.5977, 4.59691, -128.536.
-30.9538, 0.0559391, -113.321
-24.6255, 4.59692, -107.482.
-30.797, 4.0425, -113.058
-24.5585, 8.81727, -107.751.
-52.2176, 4.04249, -113.058
-45.9791, 8.81726, -107.751.
-52.3744, 0.0559333, -113.321
-46.0461, 4.59691, -107.482.
-51.7281, 3.84342, -134.112
-45.4895, 8.61819, -128.806.
-51.8849, -0.143139, -134.376
-45.5566, 4.39784, -128.536.
-77.1709, 1.09042, -20.6355
-71.3755, 1.49527, -15.4014.
-82.9293, 4.04268, -23.532
-76.6909, 8.8172, -18.1965.
-82.8867, 0.0559455, -23.819
-76.5087, 4.59696, -17.9253.
-62.4529, 4.04258, -32.6869
-57.1461, 8.81725, -26.4482.
-62.7156, 0.0560106, -32.6217
-56.8714, 4.59694, -26.2893.
-62.4575, 3.8268, -0.980961
-57.1043, 8.60148, 5.25698.
-62.7546, -0.159767, -1.17735
-56.83, 4.38117, 5.22914.
-76.2908, 4.04258, -0.980961
-70.9376, 8.81727, 5.25698.
-76.5879, 0.0560214, -1.17735
-70.6633, 4.59696, 5.22914.
-76.5879, -0.171952, 23.2722
-70.6633, 4.36898, 29.6787.
-76.2908, 3.81461, 23.4686
-70.9376, 8.58929, 29.7065.
-63.2781, -0.231705, 23.2722
-57.3535, 4.30923, 29.6787.
-62.981, 3.75486, 23.4686
-57.6278, 8.52954, 29.7065.
-66.1359, -0.112852, -27.2702
-53.8516, 7.15295, -14.2068.
-79.3166, -0.112852, -27.2702
-67.0323, 7.15295, -14.2068.
-79.3166, -0.112848, -13.0237
-67.0323, 7.15295, 0.0396794.
-66.0052, -0.112848, -13.0237
-53.721, 7.15295, 0.0396794.
-66.0052, -0.112839, 11.8954
-53.721, 7.15296, 24.9588.
-79.5736, -0.112839, 11.8954
-67.2893, 7.15296, 24.9588.
-61.4479, -0.0894267, 45.5472
-47.6912, 8.13717, 59.304.
-85.4165, -0.0894267, 45.5472
-71.6598, 8.13717, 59.304.
-61.4479, -0.0894611, -59.8336
-47.6912, 8.13714, -46.0768.
-85.4165, -0.0894612, -60.0868
-71.6598, 8.13714, -46.33.
-37.3281, -0.0894538, -37.5487
-23.5713, 8.13715, -23.7919.
-37.2417, -0.0894435, -6.03862
-23.4878, 8.13716, 7.71527.
-37.3281, -0.0894335, 24.899
-23.5713, 8.13717, 38.6558.
-57.9414, -0.0560913, -64.7664
-52.0081, 9.26924, -58.3121.
-79.1426, -0.056091, -63.6432
-72.7714, 9.26924, -57.0135.
-90.3124, -0.0560893, -59.0282
-83.5025, 9.26925, -52.2756.
-84.0528, -0.0560868, -48.6451
-77.4276, 9.26925, -41.9139.
-57.378, -0.056087, -48.0311
-51.5156, 9.26925, -41.6813.
-50.4622, -0.0560902, -54.889
-44.0851, 9.26925, -49.0183.
-40.721, -0.0560822, -37.1754
-33.9111, 9.26925, -30.4228.
-35.7887, -0.0560799, -27.5701
-28.9221, 9.26926, -20.6754.
-28.0994, -0.0560829, -36.41
-21.4173, 9.26925, -29.9353.
-32.9827, -0.0560737, -10.2421
-27.113, 9.26926, -3.8717.
-32.686, -0.0560696, 5.47207
-26.8181, 9.26927, 11.8292.
-26.0052, -0.0560707, -2.50797
-19.6192, 9.26926, 3.36364.
-36.4162, -0.0560633, 20.805
-29.9041, 9.26927, 27.5034.
-40.313, -0.0560642, 31.4603
-33.6213, 9.26928, 37.9568.
-30.1302, -0.0560587, 34.811
-23.4275, 9.26928, 41.5875.
-61.7566, -0.056052, 55.2357
-54.7482, 9.26928, 62.2436.
-51.3174, -0.0560542, 52.4297
-44.4178, 9.26928, 59.3034.
-54.5649, -0.0560563, 42.3087
-47.5427, 9.26928, 49.3293.
-87.7041, -0.056055, 45.3717
-80.7521, 9.26928, 52.32.
-82.7652, -0.0560531, 56.3345
-76.4835, 9.26928, 62.9236.
-74.0621, -0.0560542, 50.2354
-67.5717, 9.26928, 56.2687.
-145.187, -0.0628805, -136.393
102.385, -0.062716, 134.317.
39.814, 0.0714877, -16.6246
49.1455, 7.86776, 12.6137.
49.283, 0.839774, -15.5359
49.283, 2.05847, -8.0107.
21.7041, 16.229, -14.9292
21.7041, 18.4815, 10.3095.
21.7041, 16.225, -61.5023
21.7041, 18.7603, -50.3263.
21.463, 16.225, 48.4908
21.463, 18.7603, 57.4837.
2.77538, -0.275045, -70.8204
20.5214, 20.2644, -62.0086.
15.3903, 3.86351, -112.893
21.6289, 8.63828, -107.586.
15.2335, -0.123048, -113.156
21.5618, 4.41793, -107.317.
-33, 9.27332, -10.8767
-27.9055, 14.9204, -5.64347.
-31.6189, 11.4217, -9.25476
-29.2917, 12.5686, -6.09642.
-32.4987, 4.4113, -8.39969
-28.4208, 11.5098, -3.71006.
-32.3705, 8.33848, -2.91038
-28.5395, 11.4163, 0.750879.
-32.3705, 8.44511, -2.91038
-28.5395, 11.4163, 0.641815.
-32.277, 8.57262, -1.61256
-28.6301, 8.62373, -0.223466.
-32.1253, 8.86425, 0.22095
-28.7918, 11.1563, 0.625101.
-31.6739, -0.255372, -5.22888
-29.2237, 2.24395, -1.61984.
-32.4877, 0.539133, -8.40181
-28.2394, 13.8297, -1.32513.
-30.6122, 12.0312, -6.30887
-30.2965, 12.1821, -6.16189.
-67.2419, 8.47979, 102.409
-62.3843, 13.7215, 107.138.
-65.7364, 10.474, 103.696
-62.8048, 11.5385, 105.856.
-64.9427, 3.9668, 102.887
-60.5897, 10.5557, 106.673.
-59.8474, 7.61206, 102.998
-56.449, 10.469, 106.554.
-59.8474, 7.71103, 102.998
-56.5502, 10.469, 106.554.
-58.6428, 7.82938, 103.082
-57.3534, 7.87683, 106.467.
-56.9409, 8.10008, 103.232
-56.5658, 10.2276, 106.326.
-61.9995, -0.364867, 103.633
-58.6495, 1.95504, 105.907.
-64.9447, 0.372603, 102.719
-58.376, 12.7091, 106.662.
-63.002, 11.0397, 104.629
-62.8655, 11.1798, 104.922.
0.757027, 8.47972, -110.837
5.61462, 13.7214, -106.109.
2.26258, 10.4739, -109.551
5.19419, 11.5384, -107.39.
3.05626, 3.96673, -110.359
7.40924, 10.5556, -106.574.
8.15151, 7.61199, -110.249
11.5499, 10.4689, -106.693.
8.15151, 7.71096, -110.249
11.4487, 10.4689, -106.693.
9.35616, 7.82932, -110.165
10.6455, 7.87676, -106.78.
11.0581, 8.10001, -110.015
11.4332, 10.2276, -106.92.
5.99944, -0.364937, -109.614
9.34941, 1.95497, -107.339.
3.0543, 0.372533, -110.527
9.62296, 12.709, -106.584.
4.99699, 11.0396, -108.618
5.13341, 11.1797, -108.325.
2.803, 0.055905, -125.266
9.18101, 4.59692, -119.372.
2.76042, 4.04263, -124.979
8.99887, 8.81715, -119.643.
-46.7682, 8.47971, -125.961
-41.9106, 13.7214, -121.233.
-45.2627, 10.4739, -124.675
-42.331, 11.5384, -122.515.
-44.469, 3.96673, -125.483
-40.116, 10.5556, -121.698.
-39.3737, 7.61199, -125.373
-35.9753, 10.4689, -121.817.
-39.3737, 7.71096, -125.373
-36.0765, 10.4689, -121.817.
-38.1691, 7.82931, -125.289
-36.8797, 7.87676, -121.904.
-36.4672, 8.10001, -125.139
-36.092, 10.2276, -122.045.
-41.5258, -0.364942, -124.738
-38.1758, 1.95496, -122.464.
-44.4709, 0.372528, -125.652
-37.9023, 12.709, -121.708.
-42.5282, 11.0396, -123.742
-42.3918, 11.1797, -123.449.
-4.35632, 6.1091, 105.184
-0.573318, 11.7301, 110.343.
-4.05274, 6.21365, 105.324
-0.96674, 11.3987, 110.181.
-6.80214, 1.63787, 105.215
-1.54829, 14.5995, 110.78.
-6.00185, 2.57987, 106.015
-1.0268, 8.08339, 109.477.
-7.52393, 0.81245, 108.354
-4.9943, 2.31122, 109.74.
-7.51323, 0.769834, 105.795
-4.98091, 2.33619, 107.164.
-9.19481, 7.33151, 105.975
-5.81885, 10.1695, 109.507.
-9.09424, 7.42983, 105.975
-5.81885, 10.1695, 109.507.
-8.29639, 7.5474, 106.061
-7.01553, 7.59453, 109.424.
-9.07883, 7.8163, 106.201
-8.70617, 9.92978, 109.275.
-4.09414, 12.3746, 106.538
-1.21705, 15.4621, 108.875.
-3.68202, 12.5092, 107.275
-3.28586, 13.5442, 108.21.
-3.40213, 12.2228, 107.467
-2.82682, 12.5355, 108.045.
-4.35632, 6.10903, -125.349
-0.573318, 11.73, -120.19.
-4.05274, 6.21357, -125.209
-0.96674, 11.3986, -120.352.
-6.80214, 1.63779, -125.318
-1.54829, 14.5995, -119.753.
-6.00185, 2.5798, -124.518
-1.0268, 8.08331, -121.056.
-7.52393, 0.812375, -122.179
-4.9943, 2.31114, -120.792.
-7.51323, 0.769759, -124.738
-4.98091, 2.33611, -123.369.
-9.19481, 7.33143, -124.558
-5.81885, 10.1695, -121.025.
-9.09424, 7.42975, -124.558
-5.81885, 10.1695, -121.025.
-8.29639, 7.54732, -124.472
-7.01553, 7.59446, -121.109.
-9.07883, 7.81623, -124.332
-8.70617, 9.92971, -121.258.
-4.09414, 12.3745, -123.995
-1.21705, 15.462, -121.657.
-3.68202, 12.5091, -123.258
-3.28586, 13.5441, -122.323.
-3.40213, 12.2227, -123.066
-2.82682, 12.5354, -122.488.
-23.8627, 159.088, 9.02685
-23.8481, 159.124, 9.06419.
-23.8545, 159.308, 8.80159
-23.76, 159.348, 9.0647.
-23.7775, 159.088, -7.80486
-23.763, 159.124, -7.76752.
3.84674, 159.088, -12.3503
3.88415, 159.124, -12.3356.
5.24551, 159.088, 12.0172
5.2828, 159.124, 12.0317.
32.4065, 178.372, 48.7697
33.4028, 178.526, 49.1239.
-145.061, -0.0960329, -136.393
102.511, -0.095836, 134.317.
101.621, -0.468387, -54.3546
103.326, 22.0999, 51.0522.
-145.751, -0.468387, -54.3546
-144.046, 22.0999, 51.0522.
-117.106, -0.474725, -80.3359
-102.027, 20.7981, -79.2931.
-117.407, -0.464074, 74.6722
-102.329, 20.8088, 75.715.
76.1861, -0.469475, -55.0334
102.3, 22.1009, -53.927.
76.1861, -0.469458, 50.011
102.3, 22.1009, 51.1174.
58.4007, -0.469454, 75.4921
76.6335, 22.1009, 76.5985.
58.4007, -0.469479, -79.4745
76.6335, 22.1009, -78.3681.
48.1431, -0.469452, 87.9726
60.8743, 22.1009, 89.079.
48.1431, -0.469481, -91.435
60.8743, 22.1009, -90.3286.
25.187, -0.469449, 104.613
49.3104, 22.1009, 105.72.
25.7071, -0.469484, -109.636
49.8304, 22.1009, -108.529.
-92.858, -0.469449, 104.613
-68.7346, 22.1009, 105.72.
-92.3379, -0.469484, -109.636
-68.2146, 22.1009, -108.529.
-103.703, -0.469481, -91.435
-90.9721, 22.1009, -90.3286.
-103.703, -0.469452, 87.9726
-90.9721, 22.1009, 89.079.
-68.1212, -0.469489, -137.717
26.6945, 22.1009, -136.611.
-68.1212, -0.469444, 134.775
26.6945, 22.1009, 135.881.
76.0094, -0.468378, -78.9725
77.1568, 22.0998, -53.789.
76.0094, -0.468357, 50.513
77.1568, 22.0999, 75.6965.
59.8987, -0.468385, -91.6227
60.9073, 22.0998, -78.8427.
59.3787, -0.468357, 75.8244
60.3873, 22.0999, 88.6044.
47.9182, -0.468354, 89.4533
49.0574, 22.0999, 106.031.
47.8896, -0.468386, -109.444
49.1098, 22.0998, -91.3848.
-92.2981, -0.457761, -109.444
-91.0778, 22.1105, -91.3848.
-93.0077, -0.468354, 89.4533
-91.8685, 22.0999, 106.031.
-103.388, -0.468357, 75.8244
-102.38, 22.0999, 88.6044.
-103.69, -0.45776, -91.6227
-102.681, 22.1105, -78.8427.
25.3719, -0.468389, -137.187
26.5907, 22.0998, -109.129.
-68.8804, -0.468389, -137.187
-67.6616, 22.0998, -109.129.
25.2149, -0.46835, 105.045
26.1984, 22.0999, 135.611.
-68.9789, -0.46835, 105.045
-67.9953, 22.0999, 135.611.
-144.989, 21.795, -137.655
102.583, 21.7952, 137.321.
